[0, 0, 45, 55, 2]
[2, 0, 45, 55, 1]
[4, 0, 45, 55, 1]
[6, 0, 45, 55, 1]
[8, 0, 45, 55, 1]
[10, 0, 45, 55, 5]
[12, 0, 45, 55, 10]
[14, 0, 45, 55, 5]
[16, 0, 45, 55, 5]
[18, 0, 45, 55, 0]
[20, 0, 45, 55, 2]
[22, 0, 45, 55, 3]
[24, 0, 45, 55, 3]
[26, 0, 45, 55, 2]
[28, 0, 45, 55, 2]
[30, 0, 45, 55, 2]
[32, 0, 45, 55, 9]
[34, 0, 45, 55, 2]
[36, 0, 45, 55, 2]
[38, 0, 45, 55, 9]
[40, 0, 45, 55, 2]
[42, 0, 45, 55, 6]
[44, 0, 45, 55, 2]
[46, 0, 45, 55, 2]
[48, 0, 45, 55, 2]
[50, 0, 45, 55, 3]
[52, 0, 45, 55, 1]
[54, 0, 45, 55, 2]
[56, 0, 45, 55, 2]
[58, 0, 45, 55, 3]
[60, 0, 45, 55, 6]
[62, 0, 45, 55, 6]
[64, 0, 45, 55, 2]
[66, 0, 45, 55, 2]
[68, 0, 45, 55, 9]
[70, 0, 45, 55, 6]
[72, 0, 45, 55, 2]
[74, 0, 45, 55, 3]
[76, 0, 45, 55, 3]
[78, 0, 45, 55, 3]
