[0, 0, 45, 55, 8]
[2, 0, 45, 55, 1]
[4, 0, 45, 55, 1]
[6, 0, 45, 55, 1]
[8, 0, 45, 55, 1]
[10, 0, 45, 55, 5]
[12, 0, 45, 55, 1]
[14, 0, 45, 55, 9]
[16, 0, 45, 55, 1]
[18, 0, 45, 55, 1]
[20, 0, 45, 55, 2]
[22, 0, 45, 55, 2]
[24, 0, 45, 55, 2]
[26, 0, 45, 55, 1]
[28, 0, 45, 55, 1]
[30, 0, 45, 55, 1]
[32, 0, 45, 55, 1]
[34, 0, 45, 55, 5]
[36, 0, 45, 55, 5]
[38, 0, 45, 55, 10]
[40, 0, 45, 55, 3]
[42, 0, 45, 55, 5]
[44, 0, 45, 55, 0]
[46, 0, 45, 55, 3]
[48, 0, 45, 55, 3]
[50, 0, 45, 55, 3]
[52, 0, 45, 55, 2]
[54, 0, 45, 55, 2]
[56, 0, 45, 55, 2]
[58, 0, 45, 55, 9]
[60, 0, 45, 55, 2]
[62, 0, 45, 55, 9]
[64, 0, 45, 55, 2]
[66, 0, 45, 55, 2]
[68, 0, 45, 55, 2]
[70, 0, 45, 55, 2]
[72, 0, 45, 55, 2]
[74, 0, 45, 55, 3]
[76, 0, 45, 55, 1]
[78, 0, 45, 55, 1]
[80, 0, 45, 55, 2]
[82, 0, 45, 55, 2]
[84, 0, 45, 55, 3]
[86, 0, 45, 55, 6]
[88, 0, 45, 55, 2]
[90, 0, 45, 55, 2]
[92, 0, 45, 55, 9]
[94, 0, 45, 55, 2]
[96, 0, 45, 55, 6]
[98, 0, 45, 55, 2]
[100, 0, 45, 55, 3]
[102, 0, 45, 55, 3]
[104, 0, 45, 55, 1]
[106, 0, 45, 55, 1]
[108, 0, 45, 55, 3]
[110, 0, 45, 55, 2]
[112, 0, 45, 55, 3]
[114, 0, 45, 55, 3]
[116, 0, 45, 55, 3]
[118, 0, 45, 55, 3]
[120, 0, 45, 55, 2]
[122, 0, 45, 55, 2]
[124, 0, 45, 55, 2]
[126, 0, 45, 55, 9]
[128, 0, 45, 55, 1]
[130, 0, 45, 55, 1]
[132, 0, 45, 55, 1]
[134, 0, 45, 55, 1]
[136, 0, 45, 55, 5]
[138, 0, 45, 55, 5]
[140, 0, 45, 55, 5]
[142, 0, 45, 55, 5]
[144, 0, 45, 55, 2]
[146, 0, 45, 55, 2]
[148, 0, 45, 55, 2]
[150, 0, 45, 55, 2]
[152, 0, 45, 55, 3]
[154, 0, 45, 55, 3]
[156, 0, 45, 55, 6]
[158, 0, 45, 55, 1]
[160, 0, 45, 55, 1]
[162, 0, 45, 55, 1]
[164, 0, 45, 55, 1]
[166, 0, 45, 55, 7]
[168, 0, 45, 55, 7]
[170, 0, 45, 55, 5]
[172, 0, 45, 55, 5]
[174, 0, 45, 55, 5]
[176, 0, 45, 55, 5]
[178, 0, 45, 55, 5]
[180, 0, 45, 55, 2]
[182, 0, 45, 55, 2]
[184, 0, 45, 55, 3]
[186, 0, 45, 55, 3]
[188, 0, 45, 55, 9]
[190, 0, 45, 55, 2]
[192, 0, 45, 55, 9]
[194, 0, 45, 55, 9]
[196, 0, 45, 55, 9]
[198, 0, 45, 55, 9]
[200, 0, 45, 55, 8]
[202, 0, 45, 55, 10]
[204, 0, 45, 55, 5]
[206, 0, 45, 55, 1]
[208, 0, 45, 55, 3]
[210, 0, 45, 55, 3]
[212, 0, 45, 55, 3]
[214, 0, 45, 55, 2]
[216, 0, 45, 55, 2]
[218, 0, 45, 55, 6]
[220, 0, 45, 55, 6]
[222, 0, 45, 55, 1]
[224, 0, 45, 55, 3]
[226, 0, 45, 55, 2]
[228, 0, 45, 55, 8]
[230, 0, 45, 55, 8]
[232, 0, 45, 55, 1]
[234, 0, 45, 55, 1]
[236, 0, 45, 55, 6]
[238, 0, 45, 55, 5]
[240, 0, 45, 55, 5]
[242, 0, 45, 55, 5]
[244, 0, 45, 55, 0]
[246, 0, 45, 55, 2]
[248, 0, 45, 55, 2]
[250, 0, 45, 55, 2]
[252, 0, 45, 55, 3]
[254, 0, 45, 55, 3]
[256, 0, 45, 55, 3]
[258, 0, 45, 55, 9]
[260, 0, 45, 55, 9]
[262, 0, 45, 55, 1]
[264, 0, 45, 55, 6]
[266, 0, 45, 55, 6]
[268, 0, 45, 55, 1]
[270, 0, 45, 55, 1]
[272, 0, 45, 55, 1]
[274, 0, 45, 55, 1]
[276, 0, 45, 55, 1]
[278, 0, 45, 55, 6]
[280, 0, 45, 55, 2]
[282, 0, 45, 55, 3]
[284, 0, 45, 55, 3]
[286, 0, 45, 55, 0]
[288, 0, 45, 55, 0]
[290, 0, 45, 55, 0]
[292, 0, 45, 55, 4]
[294, 0, 45, 55, 0]
[296, 0, 45, 55, 0]
[298, 0, 45, 55, 0]
[300, 0, 45, 55, 3]
[302, 0, 45, 55, 3]
[304, 0, 45, 55, 3]
[306, 0, 45, 55, 3]
[308, 0, 45, 55, 1]
[310, 0, 45, 55, 1]
[312, 0, 45, 55, 1]
[314, 0, 45, 55, 1]
[316, 0, 45, 55, 1]
[318, 0, 45, 55, 7]
[320, 0, 45, 55, 7]
[322, 0, 45, 55, 7]
[324, 0, 45, 55, 4]
[326, 0, 45, 55, 0]
[328, 0, 45, 55, 2]
[330, 0, 45, 55, 2]
[332, 0, 45, 55, 2]
[334, 0, 45, 55, 6]
[336, 0, 45, 55, 2]
[338, 0, 45, 55, 3]
[340, 0, 45, 55, 3]
[342, 0, 45, 55, 3]
[344, 0, 45, 55, 3]
[346, 0, 45, 55, 3]
[348, 0, 45, 55, 6]
[350, 0, 45, 55, 1]
[352, 0, 45, 55, 1]
[354, 0, 45, 55, 9]
[356, 0, 45, 55, 11]
[358, 0, 45, 55, 5]
[360, 0, 45, 55, 3]
[362, 0, 45, 55, 3]
[364, 0, 45, 55, 3]
[366, 0, 45, 55, 3]
[368, 0, 45, 55, 2]
[370, 0, 45, 55, 2]
[372, 0, 45, 55, 2]
[374, 0, 45, 55, 8]
[376, 0, 45, 55, 8]
[378, 0, 45, 55, 1]
[380, 0, 45, 55, 1]
[382, 0, 45, 55, 7]
[384, 0, 45, 55, 7]
[386, 0, 45, 55, 1]
[388, 0, 45, 55, 1]
[390, 0, 45, 55, 7]
[392, 0, 45, 55, 1]
[394, 0, 45, 55, 1]
[396, 0, 45, 55, 1]
[398, 0, 45, 55, 6]
[400, 0, 45, 55, 6]
[402, 0, 45, 55, 3]
[404, 0, 45, 55, 7]
[406, 0, 45, 55, 4]
[408, 0, 45, 55, 0]
[410, 0, 45, 55, 2]
[412, 0, 45, 55, 2]
[414, 0, 45, 55, 2]
[416, 0, 45, 55, 2]
[418, 0, 45, 55, 2]
[420, 0, 45, 55, 2]
[422, 0, 45, 55, 9]
[424, 0, 45, 55, 3]
[426, 0, 45, 55, 3]
[428, 0, 45, 55, 3]
[430, 0, 45, 55, 9]
[432, 0, 45, 55, 9]
[434, 0, 45, 55, 9]
[436, 0, 45, 55, 1]
[438, 0, 45, 55, 2]
[440, 0, 45, 55, 3]
[442, 0, 45, 55, 3]
[444, 0, 45, 55, 2]
[446, 0, 45, 55, 2]
[448, 0, 45, 55, 2]
[450, 0, 45, 55, 3]
[452, 0, 45, 55, 3]
[454, 0, 45, 55, 2]
[456, 0, 45, 55, 3]
[458, 0, 45, 55, 3]
[460, 0, 45, 55, 3]
[462, 0, 45, 55, 1]
[464, 0, 45, 55, 1]
[466, 0, 45, 55, 1]
[468, 0, 45, 55, 1]
[470, 0, 45, 55, 1]
[472, 0, 45, 55, 1]
[474, 0, 45, 55, 1]
[476, 0, 45, 55, 1]
[478, 0, 45, 55, 1]
[480, 0, 45, 55, 5]
[482, 0, 45, 55, 10]
[484, 0, 45, 55, 0]
[486, 0, 45, 55, 0]
[488, 0, 45, 55, 3]
[490, 0, 45, 55, 3]
[492, 0, 45, 55, 0]
[494, 0, 45, 55, 2]
[496, 0, 45, 55, 2]
[498, 0, 45, 55, 2]
[500, 0, 45, 55, 6]
[502, 0, 45, 55, 6]
[504, 0, 45, 55, 1]
[506, 0, 45, 55, 1]
[508, 0, 45, 55, 1]
[510, 0, 45, 55, 4]
[512, 0, 45, 55, 10]
[514, 0, 45, 55, 2]
[516, 0, 45, 55, 2]
[518, 0, 45, 55, 3]
[520, 0, 45, 55, 3]
[522, 0, 45, 55, 3]
[524, 0, 45, 55, 9]
[526, 0, 45, 55, 9]
[528, 0, 45, 55, 9]
[530, 0, 45, 55, 9]
[532, 0, 45, 55, 9]
[534, 0, 45, 55, 3]
[536, 0, 45, 55, 3]
[538, 0, 45, 55, 3]
[540, 0, 45, 55, 1]
[542, 0, 45, 55, 2]
[544, 0, 45, 55, 1]
[546, 0, 45, 55, 1]
[548, 0, 45, 55, 2]
[550, 0, 45, 55, 2]
[552, 0, 45, 55, 2]
[554, 0, 45, 55, 3]
[556, 0, 45, 55, 3]
[558, 0, 45, 55, 3]
[560, 0, 45, 55, 2]
[562, 0, 45, 55, 2]
[564, 0, 45, 55, 9]
[566, 0, 45, 55, 0]
[568, 0, 45, 55, 2]
[570, 0, 45, 55, 2]
